#No x1 x2
40 0.0 0.0 170.0 
40 0.0 0.0 170.0 
40 0.0 0.0 170.0 
40 0.0 0.0 170.0 
40 0.0 0.0 170.0 
40 0.0 0.0 170.0 
40 0.0 0.0 170.0 
40 0.0 0.0 170.0 
40 0.0 0.0 170.0 
40 0.0 0.0 170.0 
40 0.0 0.0 170.0 
40 0.0 0.0 170.0 
40 0.0 0.0 170.0 
40 0.0 0.0 170.0 
40 0.0 0.0 170.0 
40 0.0 0.0 170.0 
40 0.0 0.0 170.0 
40 0.0 0.0 170.0 
40 0.0 0.0 170.0 
40 0.0 0.0 170.0 
40 0.0 0.0 170.0 
40 0.0 0.0 170.0 
40 0.0 0.0 170.0 
40 0.0 0.0 170.0 
40 0.0 0.0 170.0 
40 0.0 0.0 170.0 
40 0.0 0.0 170.0 
40 0.0 0.0 170.0 
40 0.0 0.0 170.0 
40 0.0 0.0 170.0 
40 0.0 0.0 170.0 
40 0.0 0.0 170.0 
40 0.0 0.0 170.0 
40 0.0 0.0 170.0 
40 0.0 0.0 170.0 
40 0.0 0.0 170.0 
40 0.0 0.0 170.0 
40 0.0 0.0 170.0 
40 0.0 0.0 170.0 
40 0.0 0.0 170.0 
40 0.0 0.0 170.0 
40 0.0 0.0 170.0 
40 0.0 0.0 170.0 
40 0.0 0.0 170.0 
40 0.0 0.0 170.0 
40 0.0 0.0 170.0 
40 0.0 0.0 170.0 
40 0.0 0.0 170.0 
40 0.0 0.0 170.0 
40 0.0 0.0 170.0 
40 0.0 0.0 170.0 
40 0.0 0.0 170.0 
40 0.0 0.0 170.0 
40 0.0 0.0 170.0 
40 0.0 0.0 170.0 
40 0.0 0.0 170.0 
40 0.0 0.0 170.0 
40 0.0 0.0 170.0 
40 0.0 0.0 170.0 
40 0.0 0.0 170.0 
40 0.0 0.0 170.0 
40 0.0 0.0 170.0 
40 0.0 0.0 170.0 
40 0.0 0.0 170.0 
40 0.0 0.0 170.0 
40 0.0 0.0 170.0 
40 0.0 0.0 170.0 
40 0.0 0.0 170.0 
40 0.0 0.0 170.0 
40 0.0 0.0 170.0 
40 0.0 0.0 170.0 
40 0.0 0.0 170.0 
40 0.0 0.0 170.0 
40 0.0 0.0 170.0 
40 0.0 0.0 170.0 
40 0.0 0.0 170.0 
40 0.0 0.0 170.0 
40 0.0 0.0 170.0 
40 0.0 0.0 170.0 
